1 0.507462434510927 0.09211793349961103 0.060280670990815036 0.01852669796701205
3 0.3682323868210251 0.34801150823043564 0.24875242903425887 0.02335124904826536
2 0.40670182511613173 0.1077535629272461 0.20285058923669763 0.022339015896037474
3 0.2725525417843381 0.31775296744653736 0.17026068197714317 0.021786628335209217
0 0.42252211699614656 0.09487018908484507 0.06492148734427787 0.01620629520739539
1 0.30530364577834673 0.0951789500349659 0.07655548920502533 0.0148356874110335
0 0.43604959023965373 0.09843150963217526 0.1293815818992821 0.017338568477307335
0 0.40895053760425465 0.09338834730245299 0.031814451475401184 0.016761508230435648
0 0.4154259140427048 0.09506657487255032 0.04556723929740287 0.009488755565578655
3 0.22761690294420397 0.3175743878897974 0.08360707051045185 0.01917163396285752
0 0.42462669578758444 0.1033915050959183 0.1623127705342061 0.02206277362370895
2 0.3481753684378959 0.1089249788704565 0.11211549913561022 0.0182719667079085
